%YAML:1.0
---
coef: !!opencv-matrix
   rows: 4
   cols: 10
   dt: d
   data: [ 4.4917316575280171e-06, -3.0890891352967751e+00,
       -2.3282120362661839e+01, 2.3080598859537731e+00,
       6.5928119438139072e+00, -5.6146435156385612e+00,
       -1.7536876263998116e+00, 7.1709643177593732e+00,
       -3.6851316537324930e-01, 2.3588339755368751e-01,
       -1.5410453665350874e-06, -2.5078391751774922e+00,
       2.8718834031574123e+00, 5.3072051555240407e-01,
       -1.1666451018263402e+01, 1.1675430112112032e+01,
       2.8360173177441257e+00, -4.2249178118144455e+00,
       -1.0713196712144919e+00, -2.7404959274331625e-01,
       -1.2450454906879369e-06, 2.7348782308076940e+00,
       1.6201432886910425e+01, -2.7768913800412141e+00,
       -6.7810101315061011e-01, 3.2382178440073367e-01,
       2.2810322974097036e-01, -4.1962236041692389e+00,
       9.7526728689523701e-01, -9.8254032884165274e-02,
       -1.7056449698253889e-06, 2.8620500796332498e+00,
       4.2088040725848304e+00, -6.1889021556831653e-02,
       5.7517400872584110e+00, -6.3846083809303300e+00,
       -1.3104329218719168e+00, 1.2501770981824456e+00,
       4.6456554940490102e-01, 1.3642022504754911e-01 ]
intercept: !!opencv-matrix
   rows: 4
   cols: 1
   dt: d
   data: [ 2.1434498672227399e+01, 4.8147141789266588e+00,
       -1.4186895552765909e+01, -1.2062317298498124e+01 ]
